--------SIMULAZIONE POSTE20160127_12-38-54---------
_numeroServentiSportelloPensioni = 2
_numeroServentiSportelloPacchi = 1
_tempoServizioTagliaCode = 10
_tempoServizioSportelloPensioni = 173
_tempoServizioSportelloPacchi = 240
_lambdaPArrivi = 110
_tempoMassimoSimulazione = 5400
_quanteRipetizioni = 1000
---------------------------------------------------
numClienti: 12540
tempo arrivo medio: 108.84546661 	Teorico: 110
tempo servizio medio:171.984174488 	Teorico: 172
0
[[63.129084662452463, 116.20506465557291, 195.90252024098686, 187.13306625391894, 193.61026773406061, 184.08161522519688, 171.10285893050229, 172.52259465285891, 190.34596448504269, 182.7626711867066, 171.3339414052316, 164.60278616544079, 181.99772701197975, 185.06474568224948, 192.35777657361422, 190.43409745040779, 195.66153037666612, 189.91987269773244, 189.45570652022491, 187.6022094174528, 193.23688094934116, 190.29511192845064, 185.36686751290745, 202.56600679109658, 214.37481581700271, 212.75695286528122, 214.32612567096979, 248.7739424656765, 255.69167366162918, 249.62118400310234, 253.09702057079977, 247.2892933271437, 241.9240189217729, 238.55892139486713, 241.53317847093183, 235.45688878634098, 237.5192006217645, 250.54910680654751, 254.8426063864037, 250.97755085818395, 246.92446258168297, 243.62192221755322, 252.72136499784872, 257.13182638965316, 262.91612281509845, 258.35044236381202, 253.67609515585704, 254.39015712172696, 250.0503996904537, 264.59293439696637, 261.77145807757512, 267.12345885010154, 277.18109668669422, 273.54343354306877, 269.09769581139591, 265.69592965430542, 266.64635216637919, 267.27564055717772, 272.84190921979342, 273.391905195665, 272.8013067789509, 289.30557539570862, 296.37978165309516, 296.81166604035019, 292.45043882884499, 299.21491436461957, 312.91319016093325, 309.60381536866817, 308.95382694559163, 307.86178240846937, 304.42389334576444, 304.36616986445097, 304.00179723284123, 301.24642259417459, 301.36309927999093, 299.29836997761453, 299.84657432536659, 299.65981777171993, 313.69693411722369, 312.59325424908104, 309.95652913881838, 311.20928403770171, 307.84371147990834, 307.15979146504009, 304.63611286691412, 301.4611193875208, 301.34121664954199, 301.84465147979415, 306.41243390404014, 308.57245745182172, 313.91785764702041, 313.84499129085242, 311.28290044348239, 311.64169242700615, 311.56298735240358, 309.96775515719605, 308.17751457969138, 306.36157967210744, 303.74705468547347, 301.60327122621572, 299.58658763455463, 297.59165814243556, 302.78748146527448, 301.53220093578818, 299.65828960339167, 301.01892673483479, 299.35350401740953], [297.94762211240743, 300.95871990988286, 304.01447928917923, 301.96467692526863, 305.24587261813122, 302.85326229503636, 301.74460738718705, 301.08932728294513, 302.62425037982302, 301.39810230537239, 300.58161763701457, 298.82189426404534, 299.95579988617447, 302.32115244177686, 301.82963852306449, 299.67599841264297, 301.1504891069315, 302.31695095571234, 300.40940577467325, 298.50265670224474, 301.7388011378049, 300.24295440609905, 300.50215606046669, 305.4344288678011, 303.7472117878321, 307.444366528464, 311.03757897711358, 317.37344589499639, 317.22151865418635, 316.2360951606006, 315.4027461659316, 313.58630939730409, 312.14804754275195, 312.86129796340794, 310.90657004768684, 309.39784592589848, 310.46795914770075, 309.38318577205445, 307.95992610170634, 306.51555526898375, 305.31363527177172, 303.81408680501295, 302.13770802447914, 304.87416157807638, 303.77461736128856, 302.63728957918562, 301.82619346411894, 299.97671384512154, 299.65592839623599, 301.57115565332805, 299.91243553283891, 298.41337339297854, 298.27280198965155, 298.25008330243134, 297.83118352167475, 297.65403423712502, 296.85374699122457, 295.36743721346011, 294.00051004394805, 292.72783338173662, 292.94401119184766, 292.93646122501872, 292.5977472711225, 291.15836217073206, 293.92657047588432, 293.85056614607919, 293.99105749599244, 295.00120035764905, 293.85617793561312, 293.3402289559827, 292.44090258260081, 291.5453997459781, 291.47464633922402, 290.64099381542763, 289.8785244511302, 288.8274864761255, 287.89808078741601, 288.11805146448506, 287.66016471688221, 286.34967295345672, 286.2800570663224, 285.18786605508893, 286.36781199385905, 286.35031367384789, 285.56137179890328, 284.36304423692098, 284.44080190435568, 284.96077696321635, 283.61806296432815, 282.94021961741515, 288.30567371996182, 289.38128681245098, 290.01822449700637, 288.98201595993868, 287.80378892665419, 287.64874449031771, 286.75455950972849, 286.14543312183696, 286.15377532976453, 285.7683112961135, 284.75995765751628]]
Percentile 10%186.426586758
Percentile 90%309.744900877
90.0990099009901
