--------SIMULAZIONE POSTE20160127_12-39-45---------
_numeroServentiSportelloPensioni = 3
_numeroServentiSportelloPacchi = 1
_tempoServizioTagliaCode = 10
_tempoServizioSportelloPensioni = 173
_tempoServizioSportelloPacchi = 240
_lambdaPArrivi = 110
_tempoMassimoSimulazione = 5400
_quanteRipetizioni = 1000
---------------------------------------------------
numClienti: 12120
tempo arrivo medio: 109.686412652 	Teorico: 110
tempo servizio medio:171.753804741 	Teorico: 172
0
[[39.912294395553971, 36.276501947859508, 29.941789991920391, 27.328969971180999, 33.589651912867787, 33.06135399630184, 45.260157300118237, 41.354243537889261, 40.77754797519016, 42.844408031058897, 42.434796501898639, 40.501525315583038, 38.603965968401489, 36.782975733197972, 41.64649669467633, 41.020927196790609, 41.344684223220526, 39.41692835148838, 46.982846697309029, 45.323859416861609, 45.924396332105466, 44.277646635579472, 53.024977698486261, 51.778930673071144, 50.052604114525217, 48.739393681239875, 47.6925398166549, 47.865089160326853, 49.034728286420247, 47.465082413065517, 46.354968371635593, 45.611933002727525, 44.383106210790288, 43.892212315943063, 44.245009104147719, 47.47508889760352, 46.342744842156826, 45.935466213840186, 50.692805749521156, 49.923601308100807, 48.854092044458532, 48.08568462056077, 47.143456833840176, 48.051962676604042, 47.109760127171612, 46.367836577598496, 46.439216132133254, 45.775714043604815, 45.47035748005397, 45.229670250468715, 45.070660789902718, 44.475338542594756, 47.915076370936497, 47.661605440834428, 48.508877001759075, 48.708181918650418, 48.264292208623594, 49.202047917294479, 48.482853478781202, 48.353185548954087, 47.577036131250885, 47.461495079210152, 46.744789190790016, 47.443306050935107, 46.832107617110928, 47.287694623009855, 47.058951056118907, 46.70173272313415, 46.321105757034815, 45.831583128386299, 45.484842575992793, 44.906145184357811, 44.735968923834548, 44.962088441305589, 44.923521464913442, 44.85506435527568, 45.038786803494936, 45.959183028602006, 45.584668774427584, 45.272653832926395, 48.567975377065977, 48.93961642297095, 49.361815512683172, 49.02779272393375, 48.580925267977811, 48.396201855598761, 48.081426124755929, 47.713168237350779, 47.410863735864872, 46.926110612749227, 47.370492138189164, 47.661270978948515, 47.508417459630543, 47.153723381027973, 46.74592925270877, 46.346249547558749, 45.938275300071538, 47.612602092880032, 47.735206198868397, 47.662802646029952], [47.309204302387812, 46.910657319682457, 47.208927324057335, 47.287181164003186, 47.057635869750143, 46.889606115887204, 47.475699317697675, 47.587330709262815, 47.629567067763453, 47.895136575545244, 47.568967006461833, 47.277087666655603, 46.862376371334065, 46.625983529482035, 46.933813971981273, 47.101820649193165, 47.007012134651035, 46.658039141169326, 46.654909897902499, 46.986072522684402, 46.67063258871665, 47.992082050049348, 47.837046280584538, 48.098726570837279, 48.165044136561747, 47.882954029628166, 47.693928760489825, 47.384300328997661, 47.248794105490759, 48.501931559511057, 48.143177502546862, 48.07842877036218, 48.036959908463118, 47.834352363277866, 47.538773533524378, 47.299038498914662, 47.984753570128476, 47.691595973662274, 48.004966793468633, 47.698599620582975, 47.467264976972508, 48.031157798604454, 48.210223370147673, 48.010729736982924, 47.907780127238112, 47.744016006475043, 47.532321172530814, 47.270819359939907, 48.513206030042092, 48.191926519909366, 47.930981291805317, 47.830777629995268, 47.64059744181818, 48.15730313273837, 47.997126471006482, 47.752388272848911, 47.594930440483793, 47.876980008497455, 48.356888405017266, 49.103864436465514, 48.871587279114983, 48.715597213180899, 48.64874970433744, 48.537864617347282, 48.598504931504557, 48.319832191731003, 48.464334098415677, 48.264837402417058, 48.025314411634625, 47.8496398821489, 47.697513037931607, 48.316928586953857, 48.046270893606277, 47.891231153297809, 48.317794480534594, 48.258637763753143, 48.009426365980566, 48.013517775385772, 47.881069856844483, 47.650011600748044, 47.619773920198469, 47.721902359179701, 47.659448932329958, 47.473221835109577, 47.850369973666758, 47.606795182308943, 47.454131381622261, 47.469440404768193, 47.234674563436378, 47.060656585552579, 46.815548999169472, 47.593729406350825, 47.546578545126074, 47.677110183643229, 47.578186752361972, 47.868660064551023, 47.693795499628173, 47.799833873703804, 47.575251545466344, 48.164181165725289, 47.98998394710371]]
Percentile 10%40.7499457092
Percentile 90%48.8626444823
98.01980198019803
